 Age(ka BP)   D(deg.)   I(deg.)  F(microT)
      49.95    180.00     82.73      74.8
      49.93    180.00     82.97      75.0
      49.91    180.00     83.20      75.1
      49.89    180.00     83.44      75.2
      49.87    180.00     83.66      75.2
      49.85    180.00     83.83      75.3
      49.83    180.00     83.96      75.4
      49.81    180.00     84.04      75.5
      49.79    180.00     84.12      75.6
      49.77    180.00     84.22      75.7
      49.75    180.00     84.39      75.7
      49.73    180.00     84.65      75.6
      49.71    180.00     84.96      75.4
      49.69    180.00     85.27      75.3
      49.67    180.00     85.53      75.3
      49.65    180.00     85.70      75.4
      49.63    180.00     85.71      75.4
      49.61    180.00     85.56      75.5
      49.59    180.00     85.22      75.6
      49.57    180.00     84.71      75.7
      49.55    180.00     84.13      75.7
      49.53    180.00     83.54      75.6
      49.51    180.00     82.99      75.3
      49.49    180.00     82.54      75.0
      49.47    180.00     82.17      74.6
      49.45    180.00     81.83      74.2
      49.43    180.00     81.48      73.8
      49.41    180.00     81.15      73.3
      49.39    180.00     80.86      72.8
      49.37    180.00     80.66      72.2
      49.35    180.00     80.55      71.6
      49.33    180.00     80.54      71.0
      49.31    180.00     80.60      70.4
      49.29    180.00     80.69      69.9
      49.27    180.00     80.78      69.5
      49.25    180.00     80.87      69.2
      49.23    180.00     80.96      68.9
      49.21    180.00     81.06      68.5
      49.19    180.00     81.16      68.0
      49.17    180.00     81.27      67.4
      49.15    180.00     81.38      67.0
      49.13    180.00     81.47      66.7
      49.11    180.00     81.58      66.5
      49.09    180.00     81.74      66.5
      49.07    180.00     81.93      66.4
      49.05    180.00     82.11      66.2
      49.03    180.00     82.24      66.1
      49.01    180.00     82.33      65.9
      48.99    180.00     82.41      65.7
      48.97    180.00     82.48      65.4
      48.95    180.00     82.60      65.0
      48.93    180.00     82.78      64.5
      48.91    180.00     83.02      63.9
      48.89    180.00     83.31      63.2
      48.87    180.00     83.62      62.7
      48.85    180.00     83.94      62.2
      48.83    180.00     84.27      61.8
      48.81    180.00     84.60      61.5
      48.79    180.00     84.94      61.1
      48.77    180.00     85.30      60.8
      48.75    180.00     85.66      60.3
      48.73    180.00     86.01      59.9
      48.71    180.00     86.34      59.4
      48.69    180.00     86.61      59.0
      48.67    180.00     86.82      58.6
      48.65    180.00     86.97      58.3
      48.63    180.00     87.07      58.1
      48.61    180.00     87.14      58.1
      48.59    180.00     87.19      58.1
      48.57    180.00     87.26      58.1
      48.55    180.00     87.35      57.9
      48.53    180.00     87.47      57.7
      48.51    180.00     87.63      57.4
      48.49    180.00     87.79      57.3
      48.47    180.00     87.93      57.3
      48.45    180.00     88.02      57.4
      48.43    180.00     88.05      57.8
      48.41    180.00     88.01      58.2
      48.39    180.00     87.93      58.6
      48.37    180.00     87.82      58.9
      48.35    180.00     87.72      58.9
      48.33    180.00     87.68      58.5
      48.31    180.00     87.67      57.9
      48.29    180.00     87.68      57.2
      48.27    180.00     87.72      56.7
      48.25    180.00     87.80      56.4
      48.23    180.00     87.97      56.4
      48.21    180.00     88.20      56.5
      48.19    180.00     88.51      56.6
      48.17    180.00     88.87      56.7
      48.15    180.00     89.29      56.7
      48.13    180.00     89.75      56.4
      48.11      0.00     89.75      55.9
      48.09      0.00     89.24      55.1
      48.07      0.00     88.74      54.3
      48.05      0.00     88.25      53.4
      48.03      0.00     87.79      52.7
      48.01      0.00     87.37      52.0
      47.99      0.00     87.01      51.3
      47.97      0.00     86.75      50.7
      47.95      0.00     86.71      50.2
      47.93      0.00     86.94      50.1
      47.91      0.00     87.37      50.2
      47.89      0.00     87.91      50.3
      47.87      0.00     88.47      50.4
      47.85      0.00     88.99      50.6
      47.83      0.00     89.44      50.7
      47.81      0.00     89.80      50.8
      47.79    180.00     89.90      51.1
      47.77    180.00     89.67      51.4
      47.75    180.00     89.54      51.8
      47.73    180.00     89.52      52.2
      47.71    180.00     89.66      52.6
      47.69    180.00     89.97      52.8
      47.67      0.00     89.57      52.9
      47.65      0.00     89.06      52.6
      47.63      0.00     88.61      52.2
      47.61      0.00     88.27      51.6
      47.59      0.00     88.10      51.0
      47.57      0.00     88.12      50.5
      47.55      0.00     88.29      50.0
      47.53      0.00     88.60      49.7
      47.51      0.00     88.99      49.5
      47.49      0.00     89.41      49.4
      47.47      0.00     89.83      49.4
      47.45    180.00     89.77      49.6
      47.43    180.00     89.44      50.1
      47.41    180.00     89.22      50.7
      47.39    180.00     89.13      51.4
      47.37    180.00     89.19      52.2
      47.35    180.00     89.38      52.9
      47.33    180.00     89.65      53.5
      47.31    180.00     89.97      54.1
      47.29      0.00     89.71      54.7
      47.27      0.00     89.43      55.5
      47.25      0.00     89.19      56.2
      47.23      0.00     88.98      56.8
      47.21      0.00     88.81      57.3
      47.19      0.00     88.69      57.7
      47.17      0.00     88.60      57.9
      47.15      0.00     88.54      58.2
      47.13      0.00     88.50      58.5
      47.11      0.00     88.48      58.8
      47.09      0.00     88.48      59.1
      47.07      0.00     88.51      59.5
      47.05      0.00     88.60      60.0
      47.03      0.00     88.76      60.7
      47.01      0.00     88.92      61.4
      46.99      0.00     89.03      61.8
      46.97      0.00     89.06      61.8
      46.95      0.00     88.99      61.5
      46.93      0.00     88.83      60.7
      46.91      0.00     88.63      59.8
      46.89      0.00     88.45      58.8
      46.87      0.00     88.33      57.8
      46.85      0.00     88.30      57.0
      46.83      0.00     88.34      56.2
      46.81      0.00     88.42      55.7
      46.79      0.00     88.44      55.3
      46.77      0.00     88.39      55.0
      46.75      0.00     88.30      54.9
      46.73      0.00     88.19      54.9
      46.71      0.00     88.08      54.9
      46.69      0.00     87.98      55.0
      46.67      0.00     87.88      55.1
      46.65      0.00     87.77      55.1
      46.63      0.00     87.62      54.9
      46.61      0.00     87.44      54.6
      46.59      0.00     87.25      54.1
      46.57      0.00     87.02      53.5
      46.55      0.00     86.73      53.0
      46.53      0.00     86.35      52.8
      46.51      0.00     85.91      52.6
      46.49      0.00     85.43      52.6
      46.47      0.00     84.96      52.4
      46.45      0.00     84.59      52.3
      46.43      0.00     84.39      52.1
      46.41      0.00     84.37      52.0
      46.39      0.00     84.53      51.9
      46.37      0.00     84.83      51.8
      46.35      0.00     85.22      51.9
      46.33      0.00     85.64      51.9
      46.31      0.00     86.05      52.0
      46.29      0.00     86.40      52.1
      46.27      0.00     86.66      52.1
      46.25      0.00     86.81      52.0
      46.23      0.00     86.83      51.9
      46.21      0.00     86.69      51.8
      46.19      0.00     86.36      51.8
      46.17      0.00     85.87      51.8
      46.15      0.00     85.30      51.9
      46.13      0.00     84.74      51.9
      46.11      0.00     84.24      51.9
      46.09      0.00     83.85      52.0
      46.07      0.00     83.61      52.1
      46.05      0.00     83.51      52.2
      46.03      0.00     83.56      52.3
      46.01      0.00     83.77      52.3
      45.99      0.00     84.16      52.1
      45.97      0.00     84.73      51.8
      45.95      0.00     85.40      51.5
      45.93      0.00     86.11      51.1
      45.91      0.00     86.81      50.7
      45.89      0.00     87.48      50.4
      45.87      0.00     88.11      50.2
      45.85      0.00     88.70      50.1
      45.83      0.00     89.26      50.4
      45.81      0.00     89.77      50.8
      45.79    180.00     89.82      51.3
      45.77    180.00     89.51      51.9
      45.75    180.00     89.28      52.4
      45.73    180.00     89.11      52.9
      45.71    180.00     88.99      53.2
      45.69    180.00     88.91      53.5
      45.67    180.00     88.85      53.5
      45.65    180.00     88.79      53.2
      45.63    180.00     88.70      52.7
      45.61    180.00     88.61      52.2
      45.59    180.00     88.52      51.6
      45.57    180.00     88.44      51.2
      45.55    180.00     88.33      51.0
      45.53    180.00     88.19      51.0
      45.51    180.00     88.03      51.1
      45.49    180.00     87.88      51.2
      45.47    180.00     87.77      51.2
      45.45    180.00     87.70      51.2
      45.43    180.00     87.67      51.1
      45.41    180.00     87.63      50.8
      45.39    180.00     87.56      50.5
      45.37    180.00     87.44      50.1
      45.35    180.00     87.28      49.7
      45.33    180.00     87.12      49.3
      45.31    180.00     86.98      48.9
      45.29    180.00     86.89      48.5
      45.27    180.00     86.90      48.1
      45.25    180.00     87.04      47.7
      45.23    180.00     87.32      47.5
      45.21    180.00     87.66      47.5
      45.19    180.00     87.97      47.5
      45.17    180.00     88.20      47.7
      45.15    180.00     88.35      47.9
      45.13    180.00     88.43      48.1
      45.11    180.00     88.45      48.2
      45.09    180.00     88.42      48.2
      45.07    180.00     88.36      48.2
      45.05    180.00     88.30      48.2
      45.03    180.00     88.26      48.1
      45.01    180.00     88.22      48.0
      44.99    180.00     88.16      47.8
      44.97    180.00     88.11      47.5
      44.95    180.00     88.13      47.2
      44.93    180.00     88.24      46.9
      44.91    180.00     88.41      46.6
      44.89    180.00     88.56      46.4
      44.87    180.00     88.66      46.4
      44.85    180.00     88.73      46.4
      44.83    180.00     88.79      46.4
      44.81    180.00     88.85      46.4
      44.79    180.00     88.93      46.4
      44.77    180.00     89.06      46.6
      44.75    180.00     89.27      46.9
      44.73    180.00     89.58      47.1
      44.71    180.00     89.98      47.3
      44.69      0.00     89.53      47.3
      44.67      0.00     88.99      47.0
      44.65      0.00     88.46      46.7
      44.63      0.00     87.97      46.2
      44.61      0.00     87.58      45.9
      44.59      0.00     87.32      45.6
      44.57      0.00     87.18      45.5
      44.55      0.00     87.09      45.4
      44.53      0.00     86.98      45.3
      44.51      0.00     86.92      45.2
      44.49      0.00     87.03      45.1
      44.47      0.00     87.27      45.2
      44.45      0.00     87.53      45.2
      44.43      0.00     87.71      45.1
      44.41      0.00     87.73      45.0
      44.39      0.00     87.54      44.9
      44.37      0.00     87.15      44.8
      44.35      0.00     86.65      44.6
      44.33      0.00     86.10      44.4
      44.31      0.00     85.50      44.1
      44.29      0.00     84.82      43.7
      44.27      0.00     84.06      43.1
      44.25      0.00     83.20      42.4
      44.23      0.00     82.27      41.5
      44.21      0.00     81.33      40.4
      44.19      0.00     80.47      39.3
      44.17      0.00     79.77      38.2
      44.15      0.00     79.27      37.1
      44.13      0.00     79.00      36.2
      44.11      0.00     78.93      35.4
      44.09      0.00     78.97      34.9
      44.07      0.00     79.06      34.5
      44.05      0.00     79.17      34.4
      44.03      0.00     79.26      34.5
      44.01      0.00     79.37      34.8
      43.99      0.00     79.52      35.2
      43.97      0.00     79.73      35.6
      43.95      0.00     79.99      35.7
      43.93      0.00     80.30      35.7
      43.91      0.00     80.69      35.5
      43.89      0.00     81.14      35.3
      43.87      0.00     81.66      35.2
      43.85      0.00     82.18      35.2
      43.83      0.00     82.68      35.1
      43.81      0.00     83.13      35.1
      43.79      0.00     83.52      35.1
      43.77      0.00     83.84      35.1
      43.75      0.00     84.09      35.2
      43.73      0.00     84.30      35.4
      43.71      0.00     84.42      35.6
      43.69      0.00     84.43      35.9
      43.67      0.00     84.32      36.1
      43.65      0.00     84.10      36.3
      43.63      0.00     83.79      36.5
      43.61      0.00     83.45      36.7
      43.59      0.00     83.14      36.9
      43.57      0.00     82.87      37.1
      43.55      0.00     82.61      37.2
      43.53      0.00     82.32      37.2
      43.51      0.00     82.05      37.1
      43.49      0.00     81.86      37.0
      43.47      0.00     81.75      36.9
      43.45      0.00     81.68      36.8
      43.43      0.00     81.59      36.6
      43.41      0.00     81.47      36.3
      43.39      0.00     81.30      35.9
      43.37      0.00     81.07      35.5
      43.35      0.00     80.76      35.2
      43.33      0.00     80.36      35.1
      43.31      0.00     79.86      35.0
      43.29      0.00     79.26      34.9
      43.27      0.00     78.63      34.8
      43.25      0.00     78.10      34.7
      43.23      0.00     77.80      34.5
      43.21      0.00     77.73      34.4
      43.19      0.00     77.85      34.2
      43.17      0.00     78.14      34.2
      43.15      0.00     78.52      34.1
      43.13      0.00     78.96      34.1
      43.11      0.00     79.45      34.2
      43.09      0.00     79.97      34.6
      43.07      0.00     80.45      35.2
      43.05      0.00     80.77      35.9
      43.03      0.00     80.86      36.6
      43.01      0.00     80.81      37.4
      42.99      0.00     80.70      38.2
      42.97      0.00     80.59      39.0
      42.95      0.00     80.50      39.9
      42.93      0.00     80.42      40.8
      42.91      0.00     80.35      41.9
      42.89      0.00     80.28      43.0
      42.87      0.00     80.21      44.1
      42.85      0.00     80.17      45.1
      42.83      0.00     80.16      45.9
      42.81      0.00     80.19      46.4
      42.79      0.00     80.26      46.7
      42.77      0.00     80.41      46.7
      42.75      0.00     80.69      46.6
      42.73      0.00     81.15      46.4
      42.71      0.00     81.67      46.1
      42.69      0.00     82.07      45.7
      42.67      0.00     82.28      45.2
      42.65      0.00     82.32      44.8
      42.63      0.00     82.20      44.4
      42.61      0.00     82.00      44.0
      42.59      0.00     81.79      43.6
      42.57      0.00     81.66      43.1
      42.55      0.00     81.65      42.7
      42.53      0.00     81.83      42.2
      42.51      0.00     82.16      41.9
      42.49      0.00     82.64      41.5
      42.47      0.00     83.17      41.1
      42.45      0.00     83.63      40.6
      42.43      0.00     83.90      39.8
      42.41      0.00     83.97      38.8
      42.39      0.00     83.88      37.7
      42.37      0.00     83.63      36.3
      42.35      0.00     83.26      34.9
      42.33      0.00     82.81      33.5
      42.31      0.00     82.35      32.2
      42.29      0.00     82.00      31.0
      42.27      0.00     81.75      29.8
      42.25      0.00     81.46      28.8
      42.23      0.00     81.02      27.8
      42.21      0.00     80.45      26.9
      42.19      0.00     79.81      26.1
      42.17      0.00     79.16      25.2
      42.15      0.00     78.58      24.3
      42.13      0.00     78.10      23.5
      42.11      0.00     77.65      22.6
      42.09      0.00     77.10      21.8
      42.07      0.00     76.42      21.1
      42.05      0.00     75.64      20.3
      42.03      0.00     74.79      19.4
      42.01      0.00     73.85      18.3
      41.99      0.00     72.75      17.1
      41.97      0.00     71.43      15.8
      41.95      0.00     69.82      14.6
      41.93      0.00     67.85      13.4
      41.91      0.00     65.64      12.4
      41.89      0.00     63.35      11.6
      41.87      0.00     61.10      10.9
      41.85      0.00     58.87      10.5
      41.83      0.00     56.62      10.1
      41.81      0.00     54.30       9.9
      41.79      0.00     51.78       9.6
      41.77      0.00     49.13       9.3
      41.75      0.00     46.74       9.1
      41.73      0.00     44.98       9.0
      41.71      0.00     43.56       9.0
      41.69      0.00     41.97       9.1
      41.67      0.00     40.00       9.2
      41.65      0.00     37.79       9.4
      41.63      0.00     35.43       9.5
      41.61      0.00     32.86       9.5
      41.59      0.00     29.96       9.5
      41.57      0.00     26.56       9.3
      41.55      0.00     22.51       9.1
      41.53      0.00     17.79       8.8
      41.51      0.00     13.06       8.5
      41.49      0.00      9.33       8.4
      41.47      0.00      6.89       8.2
      41.45      0.00      5.15       8.1
      41.43      0.00      3.42       7.8
      41.41      0.00      1.17       7.5
      41.39      0.00     -2.11       7.1
      41.37      0.00     -6.49       6.8
      41.35      0.00    -11.48       6.4
      41.33      0.00    -16.62       6.1
      41.31      0.00    -21.40       5.9
      41.29      0.00    -24.89       6.0
      41.27      0.00    -26.50       6.4
      41.25      0.00    -26.49       6.7
      41.23      0.00    -25.32       7.0
      41.21      0.00    -23.77       7.2
      41.19      0.00    -22.62       7.5
      41.17      0.00    -21.82       8.0
      41.15      0.00    -20.57       8.4
      41.13      0.00    -18.41       8.9
      41.11      0.00    -15.76       9.3
      41.09      0.00    -13.09       9.7
      41.07      0.00    -10.67       9.9
      41.05      0.00     -8.75      10.1
      41.03      0.00     -7.39      10.3
      41.01      0.00     -5.81      10.5
      40.99      0.00     -3.09      10.7
      40.97      0.00      0.76      10.9
      40.95      0.00      4.87      11.2
      40.93      0.00      8.51      11.5
      40.91      0.00     11.88      11.9
      40.89      0.00     15.38      12.2
      40.87      0.00     18.86      12.5
      40.85      0.00     21.63      12.8
      40.83      0.00     23.33      13.0
      40.81      0.00     24.80      13.1
      40.79      0.00     27.07      13.2
      40.77      0.00     30.36      13.3
      40.75      0.00     34.19      13.4
      40.73      0.00     38.18      13.4
      40.71      0.00     42.27      13.3
      40.69      0.00     46.37      13.4
      40.67      0.00     50.52      13.5
      40.65      0.00     55.06      13.6
      40.63      0.00     60.38      13.5
      40.61      0.00     66.45      13.5
      40.59      0.00     72.86      13.7
      40.57      0.00     78.83      14.3
      40.55      0.00     83.55      15.1
      40.53      0.00     86.59      16.2
      40.51      0.00     88.32      17.3
      40.49      0.00     89.26      18.0
      40.47      0.00     89.66      18.3
      40.45      0.00     89.47      18.5
      40.43      0.00     88.71      18.7
      40.41      0.00     87.76      18.9
      40.39      0.00     87.12      19.3
      40.37      0.00     86.81      19.7
      40.35      0.00     86.49      20.0
      40.33      0.00     85.92      19.9
      40.31      0.00     85.41      19.6
      40.29      0.00     85.41      19.4
      40.27      0.00     85.90      19.3
      40.25      0.00     86.31      19.2
      40.23      0.00     86.30      19.0
      40.21      0.00     86.28      18.8
      40.19      0.00     86.91      18.7
      40.17      0.00     88.25      18.8
      40.15      0.00     89.83      18.9
      40.13    180.00     88.81      19.2
      40.11    180.00     87.86      19.6
      40.09    180.00     87.40      20.0
      40.07    180.00     87.32      20.4
      40.05    180.00     87.32      20.7
      40.03    180.00     87.14      20.7
      40.01    180.00     86.84      20.6
      39.99    180.00     86.52      20.3
      39.97    180.00     86.20      20.1
      39.95    180.00     85.87      20.0
      39.93    180.00     85.52      19.9
      39.91    180.00     85.20      19.9
      39.89    180.00     84.99      19.9
      39.87    180.00     84.95      19.9
      39.85    180.00     85.14      20.0
      39.83    180.00     85.57      20.1
      39.81    180.00     86.10      20.2
      39.79    180.00     86.60      20.3
      39.77    180.00     87.01      20.4
      39.75    180.00     87.39      20.6
      39.73    180.00     87.77      20.8
      39.71    180.00     88.12      21.1
      39.69    180.00     88.39      21.4
      39.67    180.00     88.57      21.6
      39.65    180.00     88.63      21.9
      39.63    180.00     88.62      22.2
      39.61    180.00     88.65      22.4
      39.59    180.00     88.87      22.5
      39.57    180.00     89.28      22.6
      39.55    180.00     89.74      22.8
      39.53      0.00     89.87      23.2
      39.51      0.00     89.50      23.7
      39.49      0.00     89.04      24.3
      39.47      0.00     88.55      25.0
      39.45      0.00     88.16      25.6
      39.43      0.00     87.97      26.0
      39.41      0.00     87.97      26.3
      39.39      0.00     88.14      26.5
      39.37      0.00     88.42      26.5
      39.35      0.00     88.72      26.5
      39.33      0.00     88.98      26.4
      39.31      0.00     89.12      26.3
      39.29      0.00     89.12      26.1
      39.27      0.00     88.96      25.8
      39.25      0.00     88.73      25.5
      39.23      0.00     88.49      25.2
      39.21      0.00     88.37      24.9
      39.19      0.00     88.51      24.6
      39.17      0.00     88.93      24.3
      39.15      0.00     89.58      24.0
      39.13    180.00     89.61      23.7
      39.11    180.00     88.81      23.4
      39.09    180.00     88.22      23.2
      39.07    180.00     87.91      23.1
      39.05    180.00     87.86      23.1
      39.03    180.00     87.99      23.2
      39.01    180.00     88.21      23.5
      38.99    180.00     88.39      23.8
      38.97    180.00     88.49      24.1
      38.95    180.00     88.56      24.4
      38.93    180.00     88.61      24.6
      38.91    180.00     88.66      24.7
      38.89    180.00     88.70      24.7
      38.87    180.00     88.72      24.8
      38.85    180.00     88.69      25.1
      38.83    180.00     88.60      25.6
      38.81    180.00     88.46      26.4
      38.79    180.00     88.31      27.4
      38.77    180.00     88.12      28.3
      38.75    180.00     87.85      29.3
      38.73    180.00     87.44      30.1
      38.71    180.00     86.86      30.7
      38.69    180.00     86.09      31.3
      38.67    180.00     85.16      31.9
      38.65    180.00     84.16      32.2
      38.63    180.00     83.16      32.4
      38.61    180.00     82.28      32.5
      38.59    180.00     81.65      32.5
      38.57    180.00     81.30      32.4
      38.55    180.00     81.20      32.2
      38.53    180.00     81.28      31.8
      38.51    180.00     81.48      31.2
      38.49    180.00     81.73      30.6
      38.47    180.00     82.01      30.0
      38.45    180.00     82.32      29.5
      38.43    180.00     82.68      29.0
      38.41    180.00     83.08      28.6
      38.39    180.00     83.56      28.3
      38.37    180.00     84.12      28.1
      38.35    180.00     84.78      28.1
      38.33    180.00     85.55      28.3
      38.31    180.00     86.35      28.7
      38.29    180.00     87.07      29.2
      38.27    180.00     87.69      29.7
      38.25    180.00     88.16      30.1
      38.23    180.00     88.48      30.3
      38.21    180.00     88.69      30.5
      38.19    180.00     88.85      30.8
      38.17    180.00     88.98      31.1
      38.15    180.00     89.08      31.5
      38.13    180.00     89.16      31.8
      38.11    180.00     89.21      32.1
      38.09    180.00     89.24      32.5
      38.07    180.00     89.23      33.1
      38.05    180.00     89.15      33.9
      38.03    180.00     89.00      35.0
      38.01    180.00     88.73      36.2
      37.99    180.00     88.33      37.6
      37.97    180.00     87.82      39.0
      37.95    180.00     87.30      40.5
      37.93    180.00     86.83      41.9
      37.91    180.00     86.43      43.2
      37.89    180.00     86.09      44.2
      37.87    180.00     85.83      44.8
      37.85    180.00     85.66      45.2
      37.83    180.00     85.58      45.2
      37.81    180.00     85.60      45.1
      37.79    180.00     85.71      44.8
      37.77    180.00     85.87      44.4
      37.75    180.00     86.05      43.9
      37.73    180.00     86.21      43.4
      37.71    180.00     86.33      42.8
      37.69    180.00     86.42      42.2
      37.67    180.00     86.50      41.5
      37.65    180.00     86.59      40.9
      37.63    180.00     86.72      40.2
      37.61    180.00     86.92      39.7
      37.59    180.00     87.21      39.2
      37.57    180.00     87.57      38.9
      37.55    180.00     87.94      38.7
      37.53    180.00     88.28      38.7
      37.51    180.00     88.56      38.7
      37.49    180.00     88.79      38.6
      37.47    180.00     88.94      38.5
      37.45    180.00     89.00      38.3
      37.43    180.00     88.94      38.2
      37.41    180.00     88.77      38.0
      37.39    180.00     88.51      37.9
      37.37    180.00     88.19      37.9
      37.35    180.00     87.79      38.0
      37.33    180.00     87.35      38.4
      37.31    180.00     86.90      39.0
      37.29    180.00     86.50      39.9
      37.27    180.00     86.21      41.0
      37.25    180.00     86.11      41.9
      37.23    180.00     86.25      42.5
      37.21    180.00     86.60      42.7
      37.19    180.00     87.11      42.7
      37.17    180.00     87.75      42.5
      37.15    180.00     88.46      42.4
      37.13    180.00     89.23      42.3
      37.11      0.00     89.97      42.3
      37.09      0.00     89.11      42.4
      37.07      0.00     88.23      42.6
      37.05      0.00     87.38      43.0
      37.03      0.00     86.62      43.8
      37.01      0.00     85.96      44.6
      36.99      0.00     85.38      45.4
      36.97      0.00     84.85      45.9
      36.95      0.00     84.43      46.0
      36.93      0.00     84.11      45.7
      36.91      0.00     83.91      45.3
      36.89      0.00     83.82      44.9
      36.87      0.00     83.80      44.6
      36.85      0.00     83.80      44.5
      36.83      0.00     83.77      44.5
      36.81      0.00     83.73      44.5
      36.79      0.00     83.73      44.5
      36.77      0.00     83.78      44.5
      36.75      0.00     83.83      44.3
      36.73      0.00     83.87      44.0
      36.71      0.00     83.86      43.6
      36.69      0.00     83.80      43.1
      36.67      0.00     83.66      42.7
      36.65      0.00     83.45      42.3
      36.63      0.00     83.18      42.1
      36.61      0.00     82.90      42.1
      36.59      0.00     82.68      42.1
      36.57      0.00     82.55      42.2
      36.55      0.00     82.51      42.3
      36.53      0.00     82.58      42.4
      36.51      0.00     82.73      42.4
      36.49      0.00     82.95      42.4
      36.47      0.00     83.22      42.2
      36.45      0.00     83.53      42.1
      36.43      0.00     83.84      41.9
      36.41      0.00     84.08      41.9
      36.39      0.00     84.17      41.8
      36.37      0.00     84.09      41.9
      36.35      0.00     83.93      42.0
      36.33      0.00     83.76      42.1
      36.31      0.00     83.65      42.1
      36.29      0.00     83.65      42.0
      36.27      0.00     83.79      41.9
      36.25      0.00     84.09      41.6
      36.23      0.00     84.55      41.3
      36.21      0.00     85.10      40.8
      36.19      0.00     85.68      40.3
      36.17      0.00     86.25      39.8
      36.15      0.00     86.75      39.4
      36.13      0.00     87.17      39.1
      36.11      0.00     87.49      38.9
      36.09      0.00     87.73      38.8
      36.07      0.00     87.88      38.8
      36.05      0.00     87.97      38.9
      36.03      0.00     88.00      39.2
      36.01      0.00     88.00      39.7
      35.99      0.00     87.99      40.1
      35.97      0.00     87.95      40.4
      35.95      0.00     87.83      40.8
      35.93      0.00     87.57      41.3
      35.91      0.00     87.19      41.8
      35.89      0.00     86.74      42.3
      35.87      0.00     86.24      42.7
      35.85      0.00     85.76      43.0
      35.83      0.00     85.34      43.2
      35.81      0.00     85.03      43.4
      35.79      0.00     84.87      43.5
      35.77      0.00     84.85      43.7
      35.75      0.00     84.89      43.8
      35.73      0.00     84.93      44.1
      35.71      0.00     84.95      44.4
      35.69      0.00     84.95      44.6
      35.67      0.00     84.96      44.9
      35.65      0.00     85.01      45.1
      35.63      0.00     85.13      45.3
      35.61      0.00     85.32      45.6
      35.59      0.00     85.55      45.8
      35.57      0.00     85.83      46.0
      35.55      0.00     86.16      46.1
      35.53      0.00     86.55      46.1
      35.51      0.00     86.92      46.1
      35.49      0.00     87.18      46.2
      35.47      0.00     87.29      46.5
      35.45      0.00     87.22      46.9
      35.43      0.00     86.99      47.2
      35.41      0.00     86.66      47.6
      35.39      0.00     86.31      47.7
      35.37      0.00     85.98      47.7
      35.35      0.00     85.66      47.6
      35.33      0.00     85.39      47.4
      35.31      0.00     85.24      47.2
      35.29      0.00     85.32      47.1
      35.27      0.00     85.65      47.0
      35.25      0.00     86.15      47.0
      35.23      0.00     86.76      46.9
      35.21      0.00     87.43      46.8
      35.19      0.00     88.18      46.5
      35.17      0.00     88.96      46.2
      35.15      0.00     89.73      45.9
      35.13    180.00     89.56      45.5
      35.11    180.00     88.93      45.2
      35.09    180.00     88.42      44.9
      35.07    180.00     88.08      44.6
      35.05    180.00     88.02      44.4
      35.03    180.00     88.29      44.2
      35.01    180.00     88.85      44.0
      34.99    180.00     89.64      43.8
      34.97      0.00     89.41      43.4
      34.95      0.00     88.38      42.8
      34.93      0.00     87.30      42.1
      34.91      0.00     86.20      41.2
      34.89      0.00     85.08      40.4
      34.87      0.00     83.94      39.5
      34.85      0.00     82.76      38.8
      34.83      0.00     81.53      38.2
      34.81      0.00     80.30      37.6
      34.79      0.00     79.15      37.2
      34.77      0.00     78.13      36.9
      34.75      0.00     77.30      36.9
      34.73      0.00     76.69      37.3
      34.71      0.00     76.19      37.9
      34.69      0.00     75.66      38.6
      34.67      0.00     75.07      39.3
      34.65      0.00     74.50      40.0
      34.63      0.00     74.01      40.6
      34.61      0.00     73.70      41.3
      34.59      0.00     73.61      42.0
      34.57      0.00     73.71      42.8
      34.55      0.00     73.81      43.5
      34.53      0.00     73.80      43.9
      34.51      0.00     73.71      44.2
      34.49      0.00     73.65      44.4
      34.47      0.00     73.64      44.3
      34.45      0.00     73.65      44.1
      34.43      0.00     73.67      43.8
      34.41      0.00     73.66      43.5
      34.39      0.00     73.62      43.1
      34.37      0.00     73.51      42.8
      34.35      0.00     73.32      42.4
      34.33      0.00     73.05      42.0
      34.31      0.00     72.73      41.5
      34.29      0.00     72.43      41.0
      34.27      0.00     72.17      40.5
      34.25      0.00     71.98      39.9
      34.23      0.00     71.85      39.2
      34.21      0.00     71.83      38.5
      34.19      0.00     71.94      37.7
      34.17      0.00     72.16      36.9
      34.15      0.00     72.38      36.1
      34.13      0.00     72.55      35.2
      34.11      0.00     72.76      34.4
      34.09      0.00     73.14      33.6
      34.07      0.00     73.80      33.0
      34.05      0.00     74.83      32.6
      34.03      0.00     76.26      32.3
      34.01      0.00     77.92      32.3
      33.99      0.00     79.61      32.5
      33.97      0.00     81.16      32.8
      33.95      0.00     82.53      33.1
      33.93      0.00     83.71      33.3
      33.91      0.00     84.76      33.4
      33.89      0.00     85.79      33.4
      33.87      0.00     86.80      33.5
      33.85      0.00     87.73      33.8
      33.83      0.00     88.51      34.4
      33.81      0.00     89.10      35.2
      33.79      0.00     89.51      36.0
      33.77      0.00     89.78      36.7
      33.75    180.00     89.98      37.3
      33.73    180.00     89.72      37.9
      33.71    180.00     89.39      38.3
      33.69    180.00     89.00      38.6
      33.67    180.00     88.54      38.9
      33.65    180.00     88.04      39.2
      33.63    180.00     87.53      39.6
      33.61    180.00     87.03      40.1
      33.59    180.00     86.56      40.8
      33.57    180.00     86.13      41.5
      33.55    180.00     85.75      42.2
      33.53    180.00     85.41      42.6
      33.51    180.00     85.08      42.7
      33.49    180.00     84.75      42.6
      33.47    180.00     84.41      42.3
      33.45    180.00     84.05      42.0
      33.43    180.00     83.71      42.0
      33.41    180.00     83.44      42.3
      33.39    180.00     83.30      42.9
      33.37    180.00     83.31      43.6
      33.35    180.00     83.42      44.6
      33.33    180.00     83.61      45.6
      33.31    180.00     83.85      46.6
      33.29    180.00     84.11      47.3
      33.27    180.00     84.39      47.9
      33.25    180.00     84.67      48.1
      33.23    180.00     84.95      48.2
      33.21    180.00     85.22      48.2
      33.19    180.00     85.44      48.2
      33.17    180.00     85.61      48.2
      33.15    180.00     85.70      48.3
      33.13    180.00     85.71      48.5
      33.11    180.00     85.65      48.6
      33.09    180.00     85.56      48.8
      33.07    180.00     85.44      49.0
      33.05    180.00     85.32      49.2
      33.03    180.00     85.20      49.6
      33.01    180.00     85.09      50.2
      32.99    180.00     85.00      50.9
      32.97    180.00     84.92      51.7
      32.95    180.00     84.84      52.7
      32.93    180.00     84.73      53.6
      32.91    180.00     84.62      54.5
      32.89    180.00     84.53      55.1
      32.87    180.00     84.43      55.6
      32.85    180.00     84.31      56.0
      32.83    180.00     84.14      56.3
      32.81    180.00     83.94      56.6
      32.79    180.00     83.74      56.8
      32.77    180.00     83.60      57.0
      32.75    180.00     83.55      57.0
      32.73    180.00     83.63      56.9
      32.71    180.00     83.77      56.7
      32.69    180.00     83.88      56.6
      32.67    180.00     83.93      56.6
      32.65    180.00     83.96      56.6
      32.63    180.00     83.99      56.4
      32.61    180.00     84.01      56.2
      32.59    180.00     84.02      56.0
      32.57    180.00     84.01      55.7
      32.55    180.00     84.01      55.4
      32.53    180.00     84.02      55.1
      32.51    180.00     84.06      54.6
      32.49    180.00     84.14      54.2
      32.47    180.00     84.26      53.9
      32.45    180.00     84.41      53.6
      32.43    180.00     84.60      53.4
      32.41    180.00     84.79      53.1
      32.39    180.00     84.93      52.9
      32.37    180.00     85.03      52.5
      32.35    180.00     85.12      52.2
      32.33    180.00     85.23      51.9
      32.31    180.00     85.38      51.6
      32.29    180.00     85.59      51.3
      32.27    180.00     85.85      51.0
      32.25    180.00     86.13      50.8
      32.23    180.00     86.39      50.5
      32.21    180.00     86.58      50.3
      32.19    180.00     86.66      50.1
      32.17    180.00     86.63      49.8
      32.15    180.00     86.56      49.7
      32.13    180.00     86.51      49.7
      32.11    180.00     86.52      49.9
      32.09    180.00     86.59      50.1
      32.07    180.00     86.71      50.3
      32.05    180.00     86.86      50.5
      32.03    180.00     86.99      50.7
      32.01    180.00     87.07      50.8
      31.99    180.00     87.07      50.8
      31.97    180.00     86.99      50.8
      31.95    180.00     86.86      50.7
      31.93    180.00     86.72      50.6
      31.91    180.00     86.62      50.4
      31.89    180.00     86.61      50.3
      31.87    180.00     86.69      50.1
      31.85    180.00     86.85      49.9
      31.83    180.00     87.05      49.6
      31.81    180.00     87.25      49.3
      31.79    180.00     87.39      49.0
      31.77    180.00     87.47      48.6
      31.75    180.00     87.52      48.3
      31.73    180.00     87.57      48.2
      31.71    180.00     87.70      48.2
      31.69    180.00     87.98      48.3
      31.67    180.00     88.43      48.4
      31.65    180.00     88.99      48.6
      31.63    180.00     89.60      48.8
      31.61      0.00     89.78      49.1
      31.59      0.00     89.21      49.5
      31.57      0.00     88.72      49.9
      31.55      0.00     88.28      50.2
      31.53      0.00     87.85      50.1
      31.51      0.00     87.42      49.6
      31.49      0.00     86.96      49.0
      31.47      0.00     86.49      48.1
      31.45      0.00     86.08      47.2
      31.43      0.00     85.77      46.2
      31.41      0.00     85.61      45.1
      31.39      0.00     85.63      44.1
      31.37      0.00     85.83      43.1
      31.35      0.00     86.16      42.0
      31.33      0.00     86.57      41.0
      31.31      0.00     87.04      40.1
      31.29      0.00     87.57      39.5
      31.27      0.00     88.10      39.1
      31.25      0.00     88.57      38.9
      31.23      0.00     88.90      38.6
      31.21      0.00     89.08      38.3
      31.19      0.00     89.10      38.0
      31.17      0.00     88.93      37.5
      31.15      0.00     88.54      36.9
      31.13      0.00     87.91      36.3
      31.11      0.00     87.10      35.7
      31.09      0.00     86.19      35.2
      31.07      0.00     85.29      34.9
      31.05      0.00     84.50      34.8
      31.03      0.00     83.93      35.0
      31.01      0.00     83.59      35.4
      30.99      0.00     83.45      36.0
      30.97      0.00     83.46      36.7
      30.95      0.00     83.55      37.4
      30.93      0.00     83.67      38.1
      30.91      0.00     83.82      38.8
      30.89      0.00     84.02      39.6
      30.87      0.00     84.25      40.5
      30.85      0.00     84.46      41.5
      30.83      0.00     84.60      42.4
      30.81      0.00     84.71      43.3
      30.79      0.00     84.81      43.9
      30.77      0.00     84.92      44.4
      30.75      0.00     85.00      44.6
      30.73      0.00     85.02      44.7
      30.71      0.00     85.02      44.8
      30.69      0.00     85.01      44.9
      30.67      0.00     85.00      45.1
      30.65      0.00     84.92      45.4
      30.63      0.00     84.74      45.6
      30.61      0.00     84.47      45.8
      30.59      0.00     84.13      46.1
      30.57      0.00     83.76      46.3
      30.55      0.00     83.40      46.6
      30.53      0.00     83.07      46.9
      30.51      0.00     82.81      47.1
      30.49      0.00     82.62      47.2
      30.47      0.00     82.50      47.4
      30.45      0.00     82.43      47.5
      30.43      0.00     82.42      47.6
      30.41      0.00     82.42      47.7
      30.39      0.00     82.43      47.7
      30.37      0.00     82.45      47.5
      30.35      0.00     82.47      47.2
      30.33      0.00     82.53      47.0
      30.31      0.00     82.62      46.9
      30.29      0.00     82.76      46.9
      30.27      0.00     82.95      47.0
      30.25      0.00     83.17      47.1
      30.23      0.00     83.41      47.2
      30.21      0.00     83.62      47.4
      30.19      0.00     83.78      47.6
      30.17      0.00     83.88      47.9
      30.15      0.00     83.95      48.1
      30.13      0.00     84.02      48.2
      30.11      0.00     84.14      48.3
      30.09      0.00     84.36      48.3
      30.07      0.00     84.66      48.2
      30.05      0.00     84.96      47.9
      30.03      0.00     85.21      47.5
      30.01      0.00     85.40      47.1
      29.99      0.00     85.55      46.6
      29.97      0.00     85.66      46.1
      29.95      0.00     85.77      45.6
