 Age(ka BP)   D(deg.)   I(deg.)  F(microT)
      49.95     -5.92     78.38      74.6
      49.93     -4.13     78.20      74.5
      49.91     -2.37     78.01      74.5
      49.89     -0.62     77.81      74.5
      49.87      0.99     77.59      74.4
      49.85      2.28     77.36      74.4
      49.83      3.11     77.10      74.3
      49.81      3.59     76.82      74.3
      49.79      3.90     76.51      74.2
      49.77      4.15     76.15      74.0
      49.75      4.47     75.72      73.7
      49.73      4.91     75.21      73.2
      49.71      5.40     74.66      72.6
      49.69      5.87     74.12      72.1
      49.67      6.24     73.65      71.8
      49.65      6.51     73.32      71.5
      49.63      6.64     73.19      71.5
      49.61      6.59     73.31      71.7
      49.59      6.32     73.72      72.0
      49.57      5.85     74.39      72.6
      49.55      5.30     75.23      73.2
      49.53      4.78     76.12      73.8
      49.51      4.34     77.02      74.2
      49.49      3.99     77.86      74.5
      49.47      3.64     78.62      74.7
      49.45      3.02     79.31      74.7
      49.43      1.92     79.93      74.7
      49.41      0.43     80.47      74.6
      49.39     -1.17     80.92      74.4
      49.37     -2.66     81.28      74.1
      49.35     -3.83     81.57      73.6
      49.33     -4.57     81.77      73.1
      49.31     -5.22     81.89      72.5
      49.29     -6.24     81.91      71.9
      49.27     -7.77     81.83      71.3
      49.25     -9.64     81.68      70.8
      49.23    -11.64     81.46      70.2
      49.21    -13.51     81.22      69.5
      49.19    -15.01     80.97      68.7
      49.17    -16.05     80.75      67.9
      49.15    -16.63     80.57      67.2
      49.13    -16.73     80.46      66.7
      49.11    -16.19     80.41      66.4
      49.09    -14.81     80.44      66.2
      49.07    -12.66     80.52      66.1
      49.05    -10.11     80.64      65.9
      49.03     -7.52     80.77      65.8
      49.01     -5.25     80.88      65.6
      48.99     -3.69     80.92      65.3
      48.97     -2.96     80.86      65.0
      48.95     -2.91     80.70      64.3
      48.93     -3.33     80.42      63.5
      48.91     -4.00     80.03      62.4
      48.89     -4.72     79.58      61.3
      48.87     -5.43     79.08      60.2
      48.85     -6.22     78.52      59.3
      48.83     -7.10     77.92      58.4
      48.81     -7.94     77.30      57.6
      48.79     -8.57     76.67      56.9
      48.77     -8.99     76.05      56.1
      48.75     -9.32     75.45      55.3
      48.73     -9.69     74.87      54.5
      48.71    -10.13     74.35      53.8
      48.69    -10.70     73.89      53.1
      48.67    -11.38     73.52      52.6
      48.65    -12.08     73.23      52.2
      48.63    -12.73     73.03      52.0
      48.61    -13.23     72.90      51.9
      48.59    -13.52     72.81      51.8
      48.57    -13.53     72.74      51.8
      48.55    -13.26     72.66      51.6
      48.53    -12.73     72.56      51.4
      48.51    -12.14     72.39      51.1
      48.49    -11.74     72.13      50.8
      48.47    -11.67     71.79      50.7
      48.45    -11.90     71.42      50.7
      48.43    -12.40     71.08      51.0
      48.41    -13.02     70.83      51.4
      48.39    -13.62     70.70      51.9
      48.37    -14.13     70.69      52.4
      48.35    -14.56     70.72      52.5
      48.33    -14.90     70.76      52.4
      48.31    -15.12     70.82      52.0
      48.29    -15.16     70.96      51.6
      48.27    -14.95     71.19      51.4
      48.25    -14.40     71.50      51.3
      48.23    -13.41     71.86      51.4
      48.21    -11.98     72.25      51.7
      48.19    -10.12     72.64      51.9
      48.17     -7.93     73.02      52.1
      48.15     -5.59     73.30      52.1
      48.13     -3.32     73.47      51.9
      48.11     -1.26     73.52      51.3
      48.09      0.43     73.45      50.5
      48.07      1.79     73.30      49.6
      48.05      3.01     73.11      48.6
      48.03      4.31     72.92      47.7
      48.01      5.82     72.78      46.9
      47.99      7.71     72.69      46.2
      47.97      9.79     72.70      45.7
      47.95     11.55     72.82      45.5
      47.93     12.58     73.10      45.7
      47.91     12.96     73.49      46.1
      47.89     12.92     73.91      46.6
      47.87     12.61     74.33      47.1
      47.85     12.14     74.68      47.5
      47.83     11.58     74.95      47.8
      47.81     10.85     75.13      48.1
      47.79      9.89     75.23      48.4
      47.77      8.70     75.24      48.8
      47.75      7.37     75.15      49.1
      47.73      6.07     74.95      49.4
      47.71      5.19     74.67      49.5
      47.69      5.09     74.31      49.5
      47.67      5.83     73.93      49.2
      47.65      7.14     73.59      48.9
      47.63      8.81     73.36      48.3
      47.61     10.61     73.26      47.8
      47.59     12.28     73.34      47.4
      47.57     13.77     73.60      47.2
      47.55     15.21     74.03      47.2
      47.53     16.72     74.59      47.4
      47.51     18.37     75.24      47.8
      47.49     20.25     75.93      48.3
      47.47     22.30     76.61      49.0
      47.45     24.38     77.23      49.8
      47.43     26.30     77.76      50.9
      47.41     27.99     78.16      51.9
      47.39     29.43     78.42      53.0
      47.37     30.58     78.53      53.9
      47.35     31.44     78.51      54.6
      47.33     31.99     78.38      55.0
      47.31     32.17     78.19      55.4
      47.29     31.93     77.97      55.8
      47.27     31.34     77.75      56.3
      47.25     30.60     77.55      56.7
      47.23     29.85     77.36      57.0
      47.21     29.08     77.20      57.2
      47.19     28.28     77.08      57.3
      47.17     27.38     76.97      57.3
      47.15     26.27     76.86      57.3
      47.13     24.91     76.72      57.3
      47.11     23.39     76.55      57.3
      47.09     21.81     76.34      57.3
      47.07     20.20     76.11      57.3
      47.05     18.45     75.87      57.5
      47.03     16.55     75.63      57.8
      47.01     14.80     75.40      58.1
      46.99     13.51     75.14      58.2
      46.97     12.87     74.87      57.9
      46.95     12.93     74.59      57.3
      46.93     13.67     74.32      56.3
      46.91     14.75     74.05      55.2
      46.89     15.72     73.82      54.1
      46.87     16.37     73.64      53.0
      46.85     16.66     73.54      52.0
      46.83     16.59     73.53      51.2
      46.81     16.34     73.57      50.6
      46.79     16.14     73.61      50.0
      46.77     16.11     73.63      49.7
      46.75     16.34     73.67      49.4
      46.73     16.83     73.75      49.3
      46.71     17.50     73.87      49.4
      46.69     18.21     74.01      49.5
      46.67     18.85     74.17      49.7
      46.65     19.31     74.29      49.7
      46.63     19.51     74.37      49.6
      46.61     19.53     74.40      49.3
      46.59     19.47     74.39      48.8
      46.57     19.41     74.35      48.2
      46.55     19.43     74.25      47.7
      46.53     19.59     74.05      47.4
      46.51     19.87     73.77      47.1
      46.49     20.25     73.42      46.8
      46.47     20.60     73.04      46.5
      46.45     20.70     72.71      46.1
      46.43     20.39     72.48      45.8
      46.41     19.71     72.39      45.6
      46.39     18.72     72.43      45.5
      46.37     17.51     72.58      45.5
      46.35     16.19     72.80      45.7
      46.33     14.85     73.04      45.8
      46.31     13.52     73.26      46.0
      46.29     12.22     73.44      46.1
      46.27     10.94     73.54      46.1
      46.25      9.63     73.53      46.0
      46.23      8.28     73.37      45.7
      46.21      7.05     73.04      45.3
      46.19      6.10     72.49      44.9
      46.17      5.48     71.76      44.5
      46.15      5.08     70.91      44.1
      46.13      4.77     70.04      43.6
      46.11      4.55     69.19      43.2
      46.09      4.39     68.45      42.9
      46.07      4.30     67.86      42.9
      46.05      4.25     67.45      42.9
      46.03      4.26     67.23      43.1
      46.01      4.32     67.25      43.3
      45.99      4.46     67.55      43.6
      45.97      4.69     68.09      43.9
      45.95      5.09     68.79      44.3
      45.93      5.68     69.56      44.7
      45.91      6.43     70.34      45.1
      45.89      7.24     71.07      45.5
      45.87      8.01     71.71      45.9
      45.85      8.59     72.28      46.4
      45.83      8.87     72.75      47.1
      45.81      8.85     73.12      47.9
      45.79      8.56     73.35      48.6
      45.77      8.02     73.45      49.3
      45.75      7.21     73.45      49.9
      45.73      6.14     73.38      50.4
      45.71      4.94     73.27      50.7
      45.69      3.73     73.13      50.8
      45.67      2.63     73.01      50.8
      45.65      1.74     72.95      50.5
      45.63      1.16     73.00      50.2
      45.61      0.99     73.18      49.7
      45.59      1.35     73.48      49.4
      45.57      2.29     73.90      49.4
      45.55      3.72     74.40      49.6
      45.53      5.55     74.94      50.0
      45.51      7.49     75.44      50.6
      45.49      9.21     75.82      51.1
      45.47     10.57     76.06      51.5
      45.45     11.66     76.21      51.8
      45.43     12.61     76.28      51.9
      45.41     13.47     76.33      52.0
      45.39     14.33     76.41      51.9
      45.37     15.23     76.54      51.7
      45.35     16.18     76.71      51.6
      45.33     17.20     76.91      51.4
      45.31     18.38     77.10      51.3
      45.29     19.82     77.26      51.1
      45.27     21.46     77.36      50.9
      45.25     23.12     77.35      50.6
      45.23     24.54     77.21      50.3
      45.21     25.50     77.01      50.1
      45.19     25.84     76.81      50.0
      45.17     25.57     76.67      50.0
      45.15     24.90     76.58      49.9
      45.13     23.98     76.55      49.9
      45.11     22.91     76.57      49.8
      45.09     21.79     76.65      49.7
      45.07     20.70     76.78      49.6
      45.05     19.74     76.92      49.5
      45.03     18.96     77.07      49.4
      45.01     18.34     77.21      49.3
      44.99     17.81     77.34      49.1
      44.97     17.41     77.42      48.8
      44.95     17.25     77.41      48.5
      44.93     17.37     77.26      48.2
      44.91     17.56     77.02      47.8
      44.89     17.57     76.75      47.5
      44.87     17.43     76.48      47.4
      44.85     17.44     76.24      47.3
      44.83     17.84     76.03      47.4
      44.81     18.58     75.85      47.5
      44.79     19.54     75.71      47.6
      44.77     20.57     75.58      47.9
      44.75     21.50     75.42      48.2
      44.73     22.19     75.23      48.5
      44.71     22.73     75.01      48.6
      44.69     23.24     74.75      48.5
      44.67     23.71     74.48      48.1
      44.65     23.97     74.20      47.7
      44.63     23.91     73.96      47.2
      44.61     23.56     73.75      46.7
      44.59     22.97     73.62      46.5
      44.57     22.31     73.55      46.4
      44.55     21.80     73.52      46.4
      44.53     21.61     73.49      46.4
      44.51     21.66     73.54      46.4
      44.49     21.83     73.74      46.6
      44.47     22.11     74.05      46.9
      44.45     22.63     74.37      47.2
      44.43     23.46     74.60      47.4
      44.41     24.48     74.65      47.5
      44.39     25.45     74.47      47.4
      44.37     26.28     74.09      47.2
      44.35     26.96     73.61      46.9
      44.33     27.57     73.09      46.5
      44.31     28.32     72.58      46.0
      44.29     29.44     72.08      45.5
      44.27     30.98     71.58      44.9
      44.25     32.89     71.09      44.1
      44.23     35.09     70.61      43.3
      44.21     37.43     70.19      42.3
      44.19     39.77     69.89      41.3
      44.17     42.02     69.78      40.4
      44.15     44.06     69.86      39.6
      44.13     45.80     70.15      38.9
      44.11     47.15     70.59      38.3
      44.09     48.00     71.08      37.7
      44.07     48.27     71.56      37.2
      44.05     47.93     71.99      36.8
      44.03     47.05     72.34      36.6
      44.01     45.93     72.62      36.5
      43.99     44.98     72.85      36.6
      43.97     44.40     73.07      36.7
      43.95     44.21     73.29      36.8
      43.93     44.36     73.54      36.9
      43.91     44.73     73.85      36.8
      43.89     45.17     74.20      36.9
      43.87     45.58     74.60      37.0
      43.85     45.94     75.01      37.1
      43.83     46.20     75.41      37.3
      43.81     46.26     75.80      37.4
      43.79     45.99     76.16      37.5
      43.77     45.19     76.49      37.4
      43.75     43.64     76.78      37.4
      43.73     41.24     77.00      37.4
      43.71     38.43     77.12      37.4
      43.69     35.86     77.10      37.3
      43.67     33.84     76.97      37.3
      43.65     32.37     76.74      37.2
      43.63     31.36     76.44      37.1
      43.61     30.44     76.13      37.0
      43.59     29.25     75.84      37.0
      43.57     27.75     75.59      37.0
      43.55     26.20     75.36      36.9
      43.53     24.79     75.12      36.6
      43.51     23.31     74.88      36.4
      43.49     21.49     74.66      36.2
      43.47     19.21     74.43      36.0
      43.45     16.52     74.15      35.7
      43.43     13.50     73.78      35.3
      43.41     10.49     73.31      34.8
      43.39      7.84     72.78      34.2
      43.37      5.70     72.22      33.6
      43.35      4.06     71.61      33.1
      43.33      2.95     70.96      32.7
      43.31      2.42     70.29      32.4
      43.29      2.51     69.67      32.1
      43.27      3.05     69.14      31.7
      43.25      3.76     68.77      31.4
      43.23      4.39     68.63      31.3
      43.21      4.91     68.67      31.2
      43.19      5.33     68.84      31.2
      43.17      5.68     69.10      31.3
      43.15      5.96     69.38      31.5
      43.13      6.17     69.65      31.7
      43.11      6.24     69.87      31.9
      43.09      6.08     70.01      32.4
      43.07      5.74     70.01      32.9
      43.05      5.41     69.81      33.5
      43.03      5.21     69.38      34.0
      43.01      5.06     68.79      34.4
      42.99      4.85     68.13      34.8
      42.97      4.47     67.46      35.3
      42.95      3.85     66.79      35.8
      42.93      2.96     66.15      36.3
      42.91      1.98     65.56      36.9
      42.89      1.12     65.03      37.6
      42.87      0.50     64.61      38.3
      42.85      0.22     64.35      39.0
      42.83      0.30     64.27      39.6
      42.81      0.65     64.37      40.1
      42.79      1.13     64.60      40.5
      42.77      1.58     64.97      40.7
      42.75      1.74     65.49      41.0
      42.73      1.43     66.14      41.2
      42.71      0.72     66.79      41.3
      42.69     -0.21     67.27      41.3
      42.67     -1.18     67.52      41.2
      42.65     -2.06     67.57      40.9
      42.63     -2.73     67.46      40.7
      42.61     -3.15     67.28      40.5
      42.59     -3.32     67.13      40.2
      42.57     -3.36     67.07      40.1
      42.55     -3.52     67.11      39.9
      42.53     -4.02     67.26      39.9
      42.51     -4.99     67.50      39.9
      42.49     -6.56     67.78      40.0
      42.47     -8.64     68.06      40.1
      42.45    -11.00     68.26      40.0
      42.43    -13.41     68.33      39.5
      42.41    -15.80     68.31      38.9
      42.39    -18.15     68.23      37.9
      42.37    -20.45     68.10      36.8
      42.35    -22.76     67.93      35.6
      42.33    -25.14     67.70      34.4
      42.31    -27.83     67.33      33.2
      42.29    -31.08     66.72      32.0
      42.27    -34.71     65.83      31.0
      42.25    -38.21     64.72      30.0
      42.23    -41.21     63.50      29.0
      42.21    -43.79     62.24      28.1
      42.19    -46.12     61.00      27.2
      42.17    -48.36     59.78      26.3
      42.15    -50.61     58.61      25.5
      42.13    -52.92     57.46      24.7
      42.11    -55.16     56.30      24.0
      42.09    -57.15     55.09      23.3
      42.07    -58.88     53.76      22.6
      42.05    -60.54     52.21      21.9
      42.03    -62.26     50.33      21.1
      42.01    -64.02     48.21      20.2
      41.99    -65.78     46.00      19.2
      41.97    -67.43     43.83      18.1
      41.95    -68.74     41.86      17.0
      41.93    -69.49     40.25      15.8
      41.91    -69.64     39.02      14.6
      41.89    -69.15     38.11      13.5
      41.87    -67.96     37.55      12.4
      41.85    -65.95     37.40      11.3
      41.83    -63.05     37.62      10.3
      41.81    -59.40     37.72       9.4
      41.79    -55.50     36.93       8.5
      41.77    -51.71     34.93       7.7
      41.75    -48.05     32.03       7.1
      41.73    -44.54     28.80       6.6
      41.71    -41.30     25.29       6.3
      41.69    -38.34     21.28       6.0
      41.67    -35.50     16.55       5.6
      41.65    -32.56     11.10       5.3
      41.63    -29.34      5.02       5.1
      41.61    -25.98     -1.66       4.8
      41.59    -22.62     -8.98       4.6
      41.57    -19.34    -17.18       4.4
      41.55    -16.21    -26.37       4.2
      41.53    -13.38    -35.89       4.3
      41.51    -10.56    -43.91       4.3
      41.49     -7.23    -49.19       4.3
      41.47     -3.38    -51.93       4.2
      41.45      0.21    -53.16       3.8
      41.43      2.42    -53.89       3.4
      41.41      1.03    -55.29       3.0
      41.39     -7.67    -58.24       2.9
      41.37    -24.53    -61.07       2.9
      41.35    -44.58    -61.52       3.1
      41.33    -62.43    -59.76       3.3
      41.31    -71.60    -58.73       3.6
      41.29    -68.44    -61.43       4.3
      41.27    -56.26    -65.21       5.5
      41.25    -42.69    -67.23       6.7
      41.23    -31.93    -67.92       7.7
      41.21    -24.47    -68.30       8.7
      41.19    -20.46    -69.04       9.7
      41.17    -19.09    -70.08      11.0
      41.15    -18.81    -70.96      12.2
      41.13    -18.58    -71.46      13.4
      41.11    -18.15    -71.83      14.4
      41.09    -17.41    -72.36      15.0
      41.07    -16.40    -73.13      15.3
      41.05    -15.42    -74.01      15.6
      41.03    -14.78    -74.88      15.9
      41.01    -14.37    -75.49      16.2
      40.99    -13.91    -75.64      16.3
      40.97    -12.87    -75.34      16.3
      40.95    -10.49    -74.84      16.2
      40.93     -6.46    -74.29      16.2
      40.91     -2.02    -73.55      16.2
      40.89      1.40    -72.51      16.1
      40.87      3.90    -71.29      15.9
      40.85      6.79    -70.20      15.7
      40.83     10.96    -69.37      15.4
      40.81     15.79    -68.49      15.1
      40.79     20.32    -67.12      14.4
      40.77     24.45    -65.10      13.4
      40.75     29.02    -62.37      12.1
      40.73     34.82    -58.59      10.5
      40.71     41.77    -52.50       8.9
      40.69     49.00    -42.09       7.4
      40.67     55.63    -25.74       6.4
      40.65     61.61     -4.05       6.0
      40.63     67.31     18.86       6.5
      40.61     72.35     37.56       7.7
      40.59     75.99     50.62       9.5
      40.57     77.45     59.21      11.5
      40.55     75.99     64.45      13.4
      40.53     71.41     67.10      15.2
      40.51     65.50     67.90      16.6
      40.49     60.13     67.42      17.4
      40.47     55.78     65.98      17.7
      40.45     52.04     63.62      17.6
      40.43     48.74     60.46      17.4
      40.41     45.95     57.19      17.3
      40.39     43.60     54.71      17.3
      40.37     41.53     53.12      17.3
      40.35     39.63     51.68      17.2
      40.33     37.82     49.79      16.8
      40.31     36.01     48.04      16.2
      40.29     33.99     47.45      15.8
      40.27     31.68     48.10      15.5
      40.25     29.14     48.95      15.2
      40.23     26.61     49.29      14.9
      40.21     24.36     50.08      14.7
      40.19     22.58     52.73      14.8
      40.17     21.21     57.24      15.1
      40.15     19.97     62.37      15.9
      40.13     18.72     67.09      16.8
      40.11     17.59     71.03      17.8
      40.09     16.95     74.10      18.9
      40.07     16.98     76.45      19.9
      40.05     17.43     78.40      20.8
      40.03     18.05     80.21      21.5
      40.01     19.16     81.89      22.1
      39.99     21.44     83.39      22.6
      39.97     25.31     84.67      23.2
      39.95     30.48     85.77      23.8
      39.93     36.35     86.73      24.3
      39.91     42.10     87.56      24.8
      39.89     45.54     88.25      25.2
      39.87     41.72     88.81      25.5
      39.85     20.79     89.14      25.6
      39.83    -10.15     89.01      25.5
      39.81    -26.25     88.54      25.2
      39.79    -33.02     87.96      25.0
      39.77    -36.41     87.33      24.7
      39.75    -38.05     86.61      24.4
      39.73    -38.65     85.77      24.2
      39.71    -38.86     84.82      24.0
      39.69    -39.10     83.79      23.8
      39.67    -39.44     82.74      23.6
      39.65    -39.84     81.71      23.4
      39.63    -40.20     80.77      23.3
      39.61    -40.15     79.84      23.2
      39.59    -39.39     78.82      22.9
      39.57    -38.01     77.64      22.5
      39.55    -36.36     76.33      22.2
      39.53    -34.65     74.96      22.0
      39.51    -32.63     73.63      22.0
      39.49    -30.00     72.44      22.1
      39.47    -26.96     71.42      22.2
      39.45    -24.03     70.58      22.3
      39.43    -21.56     69.93      22.4
      39.41    -19.56     69.43      22.4
      39.39    -17.99     69.01      22.2
      39.37    -16.83     68.60      22.0
      39.35    -16.05     68.10      21.8
      39.33    -15.60     67.41      21.4
      39.31    -15.29     66.53      20.9
      39.29    -14.88     65.46      20.3
      39.27    -14.39     64.19      19.6
      39.25    -14.08     62.77      18.9
      39.23    -14.17     61.28      18.2
      39.21    -14.75     59.89      17.6
      39.19    -15.87     58.82      17.0
      39.17    -17.40     58.27      16.6
      39.15    -18.99     58.38      16.3
      39.13    -20.31     59.24      16.1
      39.11    -21.14     60.74      16.0
      39.09    -21.20     62.67      16.1
      39.07    -20.33     64.84      16.3
      39.05    -18.53     67.08      16.6
      39.03    -15.90     69.20      17.2
      39.01    -12.84     71.03      17.8
      38.99     -9.94     72.50      18.5
      38.97     -7.59     73.59      19.1
      38.95     -5.83     74.30      19.7
      38.93     -4.58     74.67      20.1
      38.91     -3.65     74.83      20.3
      38.89     -2.79     74.87      20.5
      38.87     -1.89     74.88      20.6
      38.85     -0.95     74.91      20.9
      38.83      0.07     75.04      21.5
      38.81      1.52     75.32      22.4
      38.79      3.82     75.79      23.4
      38.77      7.01     76.43      24.7
      38.75     10.85     77.19      25.9
      38.73     15.04     78.01      27.3
      38.71     18.97     78.86      28.6
      38.69     21.82     79.72      29.9
      38.67     23.54     80.58      31.2
      38.65     24.90     81.43      32.3
      38.63     26.68     82.22      33.2
      38.61     28.96     82.90      34.0
      38.59     31.51     83.41      34.5
      38.57     34.31     83.72      34.9
      38.55     37.74     83.88      35.0
      38.53     41.88     83.89      34.8
      38.51     45.42     83.83      34.4
      38.49     46.86     83.79      33.9
      38.47     45.79     83.80      33.2
      38.45     42.76     83.82      32.6
      38.43     38.45     83.77      32.0
      38.41     33.56     83.61      31.4
      38.39     28.86     83.34      31.0
      38.37     24.70     82.94      30.6
      38.35     21.03     82.43      30.4
      38.33     17.88     81.81      30.3
      38.31     15.59     81.15      30.5
      38.29     14.35     80.56      30.7
      38.27     13.84     80.08      30.9
      38.25     13.44     79.72      31.1
      38.23     12.67     79.48      31.2
      38.21     11.35     79.29      31.2
      38.19      9.41     79.08      31.2
      38.17      7.12     78.82      31.2
      38.15      5.05     78.51      31.3
      38.13      3.63     78.14      31.3
      38.11      2.91     77.72      31.3
      38.09      2.86     77.22      31.5
      38.07      3.14     76.66      31.8
      38.05      3.16     76.02      32.3
      38.03      2.56     75.33      33.1
      38.01      1.39     74.65      34.0
      37.99     -0.20     74.04      35.0
      37.97     -2.03     73.53      36.2
      37.95     -3.88     73.09      37.5
      37.93     -5.54     72.70      38.6
      37.91     -6.90     72.40      39.7
      37.89     -7.86     72.20      40.5
      37.87     -8.40     72.11      41.0
      37.85     -8.54     72.10      41.3
      37.83     -8.29     72.16      41.3
      37.81     -7.72     72.25      41.2
      37.79     -6.92     72.36      40.9
      37.77     -6.00     72.48      40.5
      37.75     -5.13     72.61      40.1
      37.73     -4.43     72.78      39.7
      37.71     -3.88     72.97      39.2
      37.69     -3.43     73.18      38.7
      37.67     -3.00     73.39      38.3
      37.65     -2.49     73.56      37.8
      37.63     -1.83     73.67      37.3
      37.61     -1.13     73.69      36.8
      37.59     -0.55     73.58      36.3
      37.57     -0.17     73.34      35.9
      37.55      0.05     73.03      35.5
      37.53      0.14     72.70      35.3
      37.51      0.26     72.39      35.2
      37.49      0.53     72.14      35.0
      37.47      0.94     71.96      34.8
      37.45      1.28     71.85      34.7
      37.43      1.41     71.80      34.6
      37.41      1.42     71.83      34.7
      37.39      1.42     71.93      34.8
      37.37      1.40     72.12      35.0
      37.35      1.20     72.38      35.4
      37.33      0.67     72.67      36.1
      37.31     -0.33     72.95      37.0
      37.29     -1.90     73.15      38.1
      37.27     -3.83     73.24      39.2
      37.25     -5.66     73.21      40.1
      37.23     -7.09     73.08      40.6
      37.21     -8.08     72.87      40.7
      37.19     -8.65     72.61      40.4
      37.17     -8.89     72.31      40.0
      37.15     -8.97     71.95      39.4
      37.13     -8.99     71.52      38.9
      37.11     -8.79     71.03      38.4
      37.09     -8.18     70.51      37.9
      37.07     -7.21     69.95      37.4
      37.05     -6.26     69.32      37.2
      37.03     -5.61     68.60      37.2
      37.01     -5.29     67.80      37.3
      36.99     -5.23     66.90      37.3
      36.97     -5.38     65.94      37.2
      36.95     -5.66     64.97      36.8
      36.93     -6.02     64.03      36.1
      36.91     -6.44     63.14      35.4
      36.89     -6.89     62.35      34.9
      36.87     -7.28     61.69      34.6
      36.85     -7.49     61.13      34.3
      36.83     -7.45     60.67      34.2
      36.81     -7.22     60.34      34.2
      36.79     -6.89     60.15      34.1
      36.77     -6.53     60.12      34.1
      36.75     -6.13     60.22      34.0
      36.73     -5.70     60.41      33.7
      36.71     -5.18     60.69      33.4
      36.69     -4.53     61.02      33.1
      36.67     -3.74     61.38      32.8
      36.65     -2.81     61.76      32.5
      36.63     -1.79     62.11      32.3
      36.61     -0.78     62.48      32.3
      36.59      0.11     62.87      32.4
      36.57      0.84     63.31      32.5
      36.55      1.42     63.82      32.7
      36.53      1.89     64.39      32.9
      36.51      2.28     65.00      33.1
      36.49      2.62     65.65      33.2
      36.47      2.95     66.30      33.3
      36.45      3.24     66.93      33.5
      36.43      3.51     67.50      33.6
      36.41      3.79     67.90      33.7
      36.39      4.10     68.05      33.8
      36.37      4.41     67.92      33.9
      36.35      4.56     67.58      33.9
      36.33      4.45     67.12      33.9
      36.31      4.16     66.64      33.8
      36.29      3.75     66.24      33.8
      36.27      3.30     66.00      33.7
      36.25      2.86     65.95      33.7
      36.23      2.47     66.13      33.7
      36.21      2.21     66.47      33.7
      36.19      2.15     66.93      33.7
      36.17      2.31     67.45      33.7
      36.15      2.63     67.97      33.8
      36.13      3.03     68.45      34.0
      36.11      3.48     68.86      34.1
      36.09      3.94     69.21      34.3
      36.07      4.32     69.48      34.5
      36.05      4.52     69.66      34.8
      36.03      4.42     69.74      35.2
      36.01      3.99     69.73      35.6
      35.99      3.22     69.64      36.0
      35.97      2.19     69.48      36.2
      35.95      1.07     69.22      36.5
      35.93      0.03     68.83      36.7
      35.91     -0.86     68.36      36.9
      35.89     -1.59     67.88      37.0
      35.87     -2.13     67.44      37.0
      35.85     -2.43     67.13      37.0
      35.83     -2.45     67.03      37.0
      35.81     -2.18     67.18      37.1
      35.79     -1.60     67.63      37.3
      35.77     -0.70     68.29      37.6
      35.75      0.46     69.01      37.9
      35.73      1.82     69.67      38.4
      35.71      3.25     70.19      38.8
      35.69      4.63     70.57      39.2
      35.67      5.87     70.81      39.5
      35.65      6.94     70.97      39.7
      35.63      7.82     71.10      40.0
      35.61      8.46     71.19      40.2
      35.59      8.77     71.21      40.4
      35.57      8.75     71.17      40.5
      35.55      8.46     71.11      40.5
      35.53      7.97     71.04      40.4
      35.51      7.46     70.91      40.3
      35.49      7.09     70.68      40.3
      35.47      6.90     70.30      40.2
      35.45      6.79     69.74      40.2
      35.43      6.69     69.00      40.1
      35.41      6.57     68.15      39.9
      35.39      6.45     67.30      39.6
      35.37      6.31     66.51      39.2
      35.35      6.12     65.78      38.7
      35.33      5.83     65.17      38.2
      35.31      5.35     64.76      37.9
      35.29      4.56     64.72      37.8
      35.27      3.49     65.04      38.0
      35.25      2.35     65.62      38.3
      35.23      1.31     66.36      38.8
      35.21      0.44     67.23      39.2
      35.19     -0.21     68.19      39.7
      35.17     -0.63     69.21      40.1
      35.15     -0.86     70.19      40.5
      35.13     -0.93     71.08      40.8
      35.11     -0.97     71.84      41.1
      35.09     -1.14     72.44      41.1
      35.07     -1.43     72.84      41.0
      35.05     -1.66     72.99      40.7
      35.03     -1.67     72.86      40.2
      35.01     -1.40     72.50      39.5
      34.99     -0.86     71.97      38.5
      34.97     -0.10     71.33      37.3
      34.95      0.84     70.64      35.9
      34.93      1.94     69.98      34.2
      34.91      3.25     69.36      32.5
      34.89      4.89     68.82      30.8
      34.87      6.99     68.32      29.2
      34.85      9.67     67.76      27.6
      34.83     12.99     67.05      26.1
      34.81     16.80     66.19      24.8
      34.79     20.86     65.22      23.7
      34.77     24.89     64.21      22.8
      34.75     28.46     63.24      22.3
      34.73     31.20     62.39      22.1
      34.71     32.96     61.61      22.3
      34.69     33.75     60.78      22.5
      34.67     33.76     59.88      22.7
      34.65     33.35     59.08      22.9
      34.63     32.79     58.52      23.2
      34.61     32.12     58.29      23.6
      34.59     31.35     58.44      24.2
      34.57     30.67     58.79      25.0
      34.55     30.49     59.01      25.7
      34.53     31.04     58.88      26.3
      34.51     31.95     58.49      26.7
      34.49     32.81     58.02      27.0
      34.47     33.39     57.54      27.1
      34.45     33.68     57.02      27.1
      34.43     33.65     56.43      26.9
      34.41     33.34     55.73      26.7
      34.39     32.79     54.86      26.3
      34.37     32.08     53.84      25.9
      34.35     31.31     52.70      25.5
      34.33     30.57     51.51      25.1
      34.31     29.88     50.39      24.6
      34.29     29.19     49.49      24.2
      34.27     28.52     48.87      23.8
      34.25     27.92     48.53      23.3
      34.23     27.45     48.49      22.9
      34.21     27.04     48.82      22.6
      34.19     26.65     49.65      22.3
      34.17     26.34     50.92      22.0
      34.15     26.31     52.42      21.8
      34.13     26.75     54.00      21.7
      34.11     27.59     55.79      21.6
      34.09     28.63     57.97      21.8
      34.07     29.81     60.61      22.3
      34.05     31.20     63.66      23.2
      34.03     32.92     66.93      24.5
      34.01     35.23     70.00      26.2
      33.99     38.38     72.52      28.2
      33.97     42.19     74.39      30.2
      33.95     46.02     75.72      32.1
      33.93     49.29     76.65      33.6
      33.91     51.75     77.34      34.8
      33.89     53.22     77.92      35.8
      33.87     53.49     78.42      36.6
      33.85     52.24     78.83      37.3
      33.83     49.34     79.11      38.2
      33.81     45.44     79.21      39.0
      33.79     41.40     79.14      39.7
      33.77     37.71     78.95      40.3
      33.75     34.52     78.73      40.8
      33.73     31.79     78.56      41.3
      33.71     29.16     78.48      41.6
      33.69     26.27     78.48      41.8
      33.67     22.86     78.53      42.0
      33.65     18.81     78.56      42.2
      33.63     14.12     78.50      42.4
      33.61      9.01     78.31      42.6
      33.59      3.74     77.99      42.9
      33.57     -1.28     77.55      43.3
      33.55     -5.63     77.05      43.5
      33.53     -9.17     76.56      43.5
      33.51    -11.97     76.14      43.2
      33.49    -14.16     75.83      42.7
      33.47    -15.88     75.66      42.2
      33.45    -17.28     75.58      41.6
      33.43    -18.43     75.59      41.3
      33.41    -19.10     75.67      41.3
      33.39    -19.03     75.82      41.6
      33.37    -18.11     76.03      42.1
      33.35    -16.40     76.30      42.8
      33.33    -13.97     76.60      43.7
      33.31    -10.95     76.90      44.5
      33.29     -7.52     77.16      45.2
      33.27     -3.91     77.33      45.7
      33.25     -0.51     77.39      45.9
      33.23      2.33     77.30      46.0
      33.21      4.56     77.11      45.9
      33.19      6.23     76.88      45.9
      33.17      7.33     76.64      45.9
      33.15      7.83     76.38      45.9
      33.13      7.77     76.12      46.1
      33.11      7.40     75.84      46.3
      33.09      6.98     75.57      46.5
      33.07      6.66     75.29      46.7
      33.05      6.45     75.04      47.0
      33.03      6.34     74.81      47.5
      33.01      6.32     74.61      48.0
      32.99      6.34     74.44      48.8
      32.97      6.36     74.32      49.6
      32.95      6.24     74.26      50.5
      32.93      5.95     74.26      51.4
      32.91      5.59     74.30      52.3
      32.89      5.31     74.38      52.9
      32.87      5.06     74.48      53.4
      32.85      4.62     74.63      53.8
      32.83      3.82     74.81      54.1
      32.81      2.64     75.01      54.3
      32.79      1.16     75.19      54.5
      32.77     -0.43     75.32      54.7
      32.75     -1.80     75.40      54.7
      32.73     -2.70     75.41      54.5
      32.71     -3.36     75.41      54.2
      32.69     -4.07     75.43      54.1
      32.67     -4.86     75.50      54.2
      32.65     -5.51     75.62      54.3
      32.63     -5.83     75.79      54.3
      32.61     -5.95     75.99      54.3
      32.59     -6.03     76.20      54.3
      32.57     -6.19     76.39      54.3
      32.55     -6.41     76.55      54.3
      32.53     -6.68     76.67      54.1
      32.51     -6.82     76.77      54.0
      32.49     -6.65     76.89      53.8
      32.47     -6.11     77.01      53.7
      32.45     -5.32     77.14      53.7
      32.43     -4.42     77.24      53.7
      32.41     -3.65     77.32      53.7
      32.39     -3.28     77.39      53.6
      32.37     -3.33     77.46      53.4
      32.35     -3.61     77.51      53.2
      32.33     -3.91     77.53      53.0
      32.31     -4.04     77.52      52.8
      32.29     -3.88     77.47      52.5
      32.27     -3.31     77.41      52.3
      32.25     -2.31     77.38      52.1
      32.23     -0.85     77.43      51.9
      32.21      1.04     77.61      51.8
      32.19      3.35     77.99      51.7
      32.17      6.15     78.54      51.8
      32.15      9.47     79.16      51.9
      32.13     13.25     79.73      52.2
      32.11     17.24     80.20      52.4
      32.09     21.09     80.55      52.7
      32.07     24.39     80.77      52.8
      32.05     26.74     80.93      52.8
      32.03     27.85     81.07      52.7
      32.01     27.67     81.25      52.5
      31.99     26.18     81.50      52.2
      31.97     23.39     81.80      51.9
      31.95     19.39     82.11      51.5
      31.93     14.35     82.35      51.1
      31.91      8.52     82.45      50.7
      31.89      2.35     82.36      50.2
      31.87     -3.62     82.05      49.7
      31.85     -9.03     81.58      49.1
      31.83    -13.75     80.98      48.4
      31.81    -17.90     80.29      47.7
      31.79    -21.67     79.57      47.0
      31.77    -25.04     78.84      46.3
      31.75    -27.79     78.13      45.8
      31.73    -29.77     77.45      45.5
      31.71    -30.93     76.79      45.2
      31.69    -31.26     76.13      45.0
      31.67    -30.93     75.44      44.7
      31.65    -30.21     74.76      44.3
      31.63    -29.37     74.12      44.0
      31.61    -28.60     73.56      43.8
      31.59    -28.06     73.12      43.8
      31.57    -27.83     72.82      43.9
      31.55    -27.86     72.60      43.8
      31.53    -28.13     72.41      43.6
      31.51    -28.62     72.17      43.0
      31.49    -29.33     71.81      42.2
      31.47    -30.30     71.28      41.3
      31.45    -31.62     70.61      40.3
      31.43    -33.32     69.83      39.3
      31.41    -35.29     69.04      38.4
      31.39    -37.41     68.38      37.7
      31.37    -39.57     67.98      37.0
      31.35    -41.67     67.90      36.5
      31.33    -43.67     68.18      36.0
      31.31    -45.65     68.70      35.6
      31.29    -47.69     69.30      35.5
      31.27    -49.66     69.89      35.6
      31.25    -51.38     70.52      35.8
      31.23    -52.69     71.24      35.8
      31.21    -53.49     72.04      35.8
      31.19    -53.64     72.90      35.6
      31.17    -53.06     73.73      35.3
      31.15    -51.71     74.40      34.6
      31.13    -49.57     74.78      33.7
      31.11    -46.76     74.84      32.7
      31.09    -43.48     74.61      31.7
      31.07    -40.04     74.09      30.8
      31.05    -36.78     73.33      30.1
      31.03    -33.97     72.39      29.7
      31.01    -31.72     71.36      29.5
      30.99    -30.04     70.31      29.6
      30.97    -28.78     69.34      29.9
      30.95    -27.70     68.50      30.3
      30.93    -26.62     67.79      30.7
      30.91    -25.55     67.19      31.2
      30.89    -24.57     66.65      31.8
      30.87    -23.70     66.13      32.5
      30.85    -22.91     65.60      33.3
      30.83    -22.17     65.06      34.0
      30.81    -21.49     64.58      34.7
      30.79    -20.84     64.24      35.3
      30.77    -20.16     64.07      35.7
      30.75    -19.34     64.05      35.9
      30.73    -18.33     64.14      36.0
      30.71    -17.22     64.30      36.1
      30.69    -16.18     64.47      36.3
      30.67    -15.23     64.62      36.5
      30.65    -14.26     64.73      36.7
      30.63    -13.16     64.80      36.9
      30.61    -11.91     64.81      37.0
      30.59    -10.52     64.80      37.1
      30.57     -8.98     64.79      37.3
      30.55     -7.28     64.83      37.4
      30.53     -5.40     64.95      37.6
      30.51     -3.34     65.16      37.8
      30.49     -1.10     65.48      38.0
      30.47      1.30     65.86      38.3
      30.45      3.77     66.25      38.6
      30.43      6.18     66.61      39.0
      30.41      8.40     66.90      39.3
      30.39     10.32     67.12      39.5
      30.37     11.84     67.26      39.5
      30.35     12.88     67.35      39.4
      30.33     13.40     67.39      39.3
      30.31     13.48     67.42      39.2
      30.29     13.21     67.44      39.2
      30.27     12.69     67.46      39.2
      30.25     11.97     67.48      39.3
      30.23     11.09     67.47      39.4
      30.21     10.11     67.41      39.6
      30.19      9.07     67.25      39.7
      30.17      7.98     67.00      39.8
      30.15      6.79     66.70      39.9
      30.13      5.45     66.38      39.9
      30.11      3.94     66.07      39.9
      30.09      2.25     65.80      39.9
      30.07      0.40     65.54      39.8
      30.05     -1.50     65.22      39.7
      30.03     -3.35     64.76      39.4
      30.01     -5.13     64.18      39.1
      29.99     -6.83     63.51      38.7
      29.97     -8.46     62.78      38.2
      29.95    -10.04     62.01      37.8
